# Columns: s_cen(1) s_min(2) s_max(3) xi_iso(4)
55 50 60 0.01283232801
65 60 70 0.007468192232
75 70 80 0.004179980114
85 80 90 0.002875651399
95 90 100 0.003486018897
105 100 110 0.003130260832
115 110 120 0.001309166403
125 120 130 0.0001796634615
135 130 140 -0.0001725876887
145 140 150 -0.0001428480573
155 150 160 -9.716236332e-06
165 160 170 4.025962905e-05
175 170 180 -4.835426988e-05
185 180 190 -5.489215449e-05
195 190 200 -4.465205532e-05
205 200 210 -6.889530162e-05
215 210 220 -0.0002109776151
225 220 230 -0.0002723587363
235 230 240 -0.0001304623143
245 240 250 -9.981063402e-05
255 250 260 2.676437028e-05
265 260 270 6.184536098e-05
275 270 280 8.29475089e-05
285 280 290 0.00018316848
295 290 300 9.6534582e-05
305 300 310 0.0001092713111
315 310 320 6.928041176e-05
325 320 330 -7.10152752e-06
335 330 340 -4.38320391e-05
345 340 350 -1.241881446e-05
