# Columns: s_cen(1) s_min(2) s_max(3) xi_iso(4)
35 30 40 0.06167193509
45 40 50 0.03117349756
55 50 60 0.01698846522
65 60 70 0.009888660524
75 70 80 0.005608779421
85 80 90 0.003820191926
95 90 100 0.004495483022
105 100 110 0.004068018204
115 110 120 0.001773236114
125 120 130 0.0002891898727
135 130 140 -5.981122248e-05
145 140 150 -4.446014001e-05
155 150 160 0.0001665265221
165 160 170 0.0001978345255
175 170 180 2.528733074e-05
185 180 190 8.403493055e-05
195 190 200 2.815602298e-05
205 200 210 -5.054593373e-05
215 210 220 -0.0002316113536
225 220 230 -0.000237622401
235 230 240 -0.0001054465474
245 240 250 -0.0001309342898
255 250 260 1.978361127e-05
265 260 270 7.502351064e-05
275 270 280 0.0001719488316
285 280 290 0.0002744125251
295 290 300 0.0001874668723
305 300 310 0.0001914259374
315 310 320 0.0001611060982
325 320 330 2.389025558e-05
335 330 340 -2.478269942e-05
345 340 350 3.239294713e-05
