# Columns: s_cen(1) s_min(2) s_max(3) xi_iso(4)
35 30 40 0.05879989372
45 40 50 0.02912291133
55 50 60 0.01516345549
65 60 70 0.008266715378
75 70 80 0.003994065703
85 80 90 0.002654346063
95 90 100 0.0035892951
105 100 110 0.003270119319
115 110 120 0.001180662113
125 120 130 -0.0001669038486
135 130 140 -0.0004478040805
145 140 150 -0.0005529767601
155 150 160 -0.0002076209787
165 160 170 -0.000241318181
175 170 180 -0.0002234159054
185 180 190 -0.000263338924
195 190 200 -0.0002120248298
205 200 210 -0.0002905495968
215 210 220 -0.000442258009
225 220 230 -0.0004687956324
235 230 240 -0.0004117974756
245 240 250 -0.0003676204803
255 250 260 -0.0002021564553
265 260 270 -0.000103634259
275 270 280 3.146488826e-05
285 280 290 0.0001683157886
295 290 300 9.503489675e-05
305 300 310 6.103408027e-05
315 310 320 7.079871508e-05
325 320 330 -2.893571131e-05
335 330 340 -6.314957413e-05
345 340 350 -1.305508825e-05
